Test set metrics:
rmse           : 1.677313
mae            : 1.337863
relative_rmse  : 1.251594
relative_mae   : 1.185549
loss           : 2.813380
